1.13522298687
0.192527373627
0.433671491655
1.25027147514
0.730022397439
0.368228044318
0.693047780193
1.74630210934
1.27865303325
1.61943350534
1.20321003795
0.553447887532
1.54100431857
1.01761481126
0.00191870068373
0.203707644858
0.887740725836
1.56932785386
0.318811686088
1.88565656484
0.638323117178
0.47954298797
0.369478418483
0.595828516492
1.60292477133
1.23345587931
0.4408262838
1.65934891351
1.68855316292
0.586117616285
1.16084490658
1.12489804607
1.24214427741
1.69681731893
1.63426205678
1.21574227363
1.24209739305
1.78984280112
1.1858356071
1.67500272849
0.53498343429
1.25863563508
0.938170885203
0.227361206867
0.73976271017
1.78183203103
0.0272985842606
1.19696211244
1.69739990439
0.367674852182
